1 1 33 1 1 1 1 1 1 1 127 1 1 1 1 1 1 1 0 1 1 1 3 1 1 1 1 127 1 35 2 127 127 1 42 4 1 1 1 1 0 0 0 0 0 0 0 0
1 1 19 1 1 1 1 1 1 1 1 1 1 1 1 1 1 1 0 1 1 22 2 127 127 1 1 9 8 1 127 9 9 9 1 1 127 127 1 1 0 0 0 0 0 0 0 0
1 1 33 1 1 1 1 1 1 1 127 1 1 1 1 1 1 1 0 1 1 3 3 1 1 1 1 127 1 22 57 127 127 1 2 3 1 1 1 1 0 0 0 0 0 0 0 0
1 1 19 1 1 1 1 1 1 1 1 1 1 1 1 1 1 1 0 1 1 1 1 127 127 1 1 127 1 1 127 1 1 9 1 1 127 127 1 1 0 0 0 0 0 0 0 0
21 1 15 1 1 1 1 1 1 1 127 1 1 1 1 1 1 1 0 1 1 1 1 1 1 127 127 127 1 1 6 4 81 23 12 1 12 18 70 109 0 0 0 0 0 0 0 0
1 64 33 1 1 1 1 1 1 1 1 1 1 1 1 1 1 1 0 1 1 4 1 1 1 1 1 17 17 1 127 1 2 9 21 1 1 1 92 1 0 0 0 0 0 0 0 0
1 1 33 1 1 1 1 1 1 1 127 1 1 1 1 1 1 1 0 1 1 6 6 1 1 1 1 127 1 1 82 127 127 1 2 2 1 1 9 7 0 0 0 0 0 0 0 0
1 1 33 1 1 1 1 1 1 1 127 1 1 1 1 1 1 1 0 1 1 6 6 1 1 1 1 127 1 1 127 127 127 1 1 1 1 1 1 1 0 0 0 0 0 0 0 0
1 64 33 1 1 1 1 1 1 1 1 1 1 1 1 1 1 1 0 1 1 37 57 1 1 1 1 127 1 2 127 105 105 2 1 1 1 1 1 1 0 0 0 0 0 0 0 0
1 1 19 1 1 1 1 1 1 1 1 1 1 1 1 1 1 1 0 1 1 50 1 127 127 1 1 1 8 1 127 1 1 8 1 1 127 127 1 1 0 0 0 0 0 0 0 0
1 1 19 1 1 1 1 1 1 1 1 1 1 1 1 1 1 1 0 1 1 65 5 127 127 1 1 11 8 1 127 10 11 8 1 1 127 127 1 1 0 0 0 0 0 0 0 0
1 1 33 1 1 1 1 1 1 1 127 1 1 1 1 1 1 1 0 1 1 2 5 1 1 1 1 127 1 33 127 127 127 1 1 1 1 1 1 1 0 0 0 0 0 0 0 0
1 1 33 1 1 1 1 1 1 1 127 1 1 1 1 1 1 1 0 1 1 1 1 1 1 1 1 64 127 1 46 10 18 6 2 21 1 1 1 1 0 0 0 0 0 0 0 0
1 1 8 1 1 1 1 1 2 26 1 1 1 1 1 1 1 1 0 1 1 1 1 1 1 127 127 127 1 1 9 9 127 1 8 1 8 8 119 119 0 0 0 0 0 0 0 0
1 1 33 1 1 1 1 1 1 1 127 1 1 1 1 1 1 1 0 1 1 3 3 1 1 1 1 127 1 1 127 127 127 1 1 1 1 1 1 1 0 0 0 0 0 0 0 0
1 1 15 1 1 1 1 1 1 1 1 1 1 1 1 1 1 1 0 1 1 1 1 1 1 127 127 127 1 1 96 1 2 62 62 1 1 1 62 127 0 0 0 0 0 0 0 0
