15 20 17 1 2 14 13 20 4 20 2 5 17 4 15 1 12 4 17 7 2 18 7 12 17 10 2 15 5 20 3 11 
11 19 12 12 4 4 4 7 15 5 4 11 1 10 12 4 13 20 10 6 17 8 9 13 17 11 8 1 2 2 12 4 
12 15 8 16 10 11 14 4 7 9 15 7 18 18 10 11 9 11 8 6 19 17 10 15 19 9 8 20 2 11 3 14 
5 2 1 14 12 6 9 19 15 15 17 12 12 7 14 1 17 2 18 15 18 19 2 16 20 9 7 1 11 1 6 7 
3 18 20 14 4 20 4 18 15 1 1 18 19 7 10 15 8 7 2 17 18 3 12 9 3 10 9 13 10 7 19 12 
4 10 18 19 1 13 8 15 13 9 13 3 15 2 18 14 1 19 10 18 13 1 6 15 2 6 19 11 4 9 15 8 
10 12 6 10 16 6 5 1 14 17 3 20 10 20 13 10 10 14 19 2 6 16 8 7 2 6 17 5 6 11 4 15 
14 2 17 10 7 1 2 12 9 4 3 10 4 7 20 5 20 18 19 5 6 6 11 7 4 19 3 9 2 19 16 15 
12 12 16 18 4 17 1 4 13 3 13 8 9 4 12 8 14 10 12 19 16 14 17 11 12 11 19 13 9 6 20 20 
9 7 9 4 16 9 7 8 11 12 15 11 7 6 18 20 8 1 10 15 6 6 5 10 17 15 14 17 13 13 9 1 
12 17 5 7 18 3 14 8 14 20 11 13 17 20 12 4 1 2 18 18 19 14 7 7 1 1 4 13 5 12 5 16 
20 9 14 17 12 7 17 17 6 7 9 3 6 13 18 18 6 8 16 16 13 14 3 13 6 18 5 11 9 10 18 20 
10 12 17 13 18 5 2 16 11 2 10 8 6 19 18 11 6 13 7 19 18 1 3 4 18 20 6 18 1 3 17 10 
14 5 15 4 9 16 11 11 17 20 19 3 10 16 5 16 20 3 6 17 3 8 12 12 7 17 9 7 20 6 9 13 
2 3 8 11 18 18 1 6 9 19 20 19 6 17 6 5 11 11 14 14 10 5 17 17 2 6 3 1 3 3 5 4 
5 13 14 14 10 15 20 11 5 11 9 11 7 14 7 18 16 20 3 5 5 19 1 18 16 16 18 18 18 14 2 15 
